Date		GBP	EUR	USD	JPY	Date Created	Date Modified		Date Deleted	GBP	EUR	USD	JPY	CAD		CAD
2025-08-25	1	1	 1.1549 	 1.3508 	 199.0530 	2026-04-01	2026-04-01		1900-01-01	0.8659	1	1.1697	172.36	1.6171		 1.8675 
2025-08-26	1	1	 1.1571 	 1.3488 	 198.7619 	2026-04-01	2026-04-01		1900-01-01	0.8642	1	1.1656	171.77	1.6137		 1.8673 
2025-08-27	1	1	 1.1593 	 1.3440 	 198.9682 	2026-04-01	2026-04-01		1900-01-01	0.8626	1	1.1593	171.63	1.6056		 1.8613 
2025-08-28	1	1	 1.1578 	 1.3519 	 198.5412 	2026-04-01	2026-04-01		1900-01-01	0.8637	1	1.1676	171.48	1.6062		 1.8597 
2025-08-29	1	1	 1.1537 	 1.3449 	 198.1080 	2026-04-01	2026-04-01		1900-01-01	0.8668	1	1.1658	171.72	1.6031		 1.8494 
2025-08-30	0	1	 1.1537 	 1.3449 	 198.1080 	2026-04-01	2026-04-01		1900-01-01	0.8668	1	1.1658	171.72	1.6031		 1.8494 
2025-08-31	0	1	 1.1537 	 1.3449 	 198.1080 	2026-04-01	2026-04-01		1900-01-01	0.8668	1	1.1658	171.72	1.6031		 1.8494 
2025-09-01	1	1	 1.1545 	 1.3525 	 199.1111 	2026-04-01	2026-04-01		1900-01-01	0.8662	1	1.1715	172.47	1.6105		 1.8593 
2025-09-02	1	1	 1.1492 	 1.3383 	 198.9198 	2026-04-01	2026-04-01		1900-01-01	0.8702	1	1.1646	173.1	1.6056		 1.8451 
2025-09-03	1	1	 1.1511 	 1.3414 	 199.3438 	2026-04-01	2026-04-01		1900-01-01	0.8687	1	1.1653	173.17	1.6079		 1.8509 
2025-09-04	1	1	 1.1543 	 1.3445 	 199.4228 	2026-04-01	2026-04-01		1900-01-01	0.8663	1	1.1647	172.76	1.6094		 1.8578 
2025-09-05	1	1	 1.1523 	 1.3479 	 199.4584 	2026-04-01	2026-04-01		1900-01-01	0.8678	1	1.1697	173.09	1.6138		 1.8596 
2025-09-06	0	1	 1.1523 	 1.3479 	 199.4584 	2026-04-01	2026-04-01		1900-01-01	0.8678	1	1.1697	173.09	1.6138		 1.8596 
2025-09-07	0	1	 1.1523 	 1.3479 	 199.4584 	2026-04-01	2026-04-01		1900-01-01	0.8678	1	1.1697	173.09	1.6138		 1.8596 
2025-09-08	1	1	 1.1535 	 1.3529 	 200.0115 	2026-04-01	2026-04-01		1900-01-01	0.8669	1	1.1728	173.39	1.619		 1.8676 
2025-09-09	1	1	 1.1543 	 1.3557 	 198.9611 	2026-04-01	2026-04-01		1900-01-01	0.8663	1	1.1744	172.36	1.622		 1.8723 
2025-09-10	1	1	 1.1561 	 1.3534 	 199.6185 	2026-04-01	2026-04-01		1900-01-01	0.865	1	1.1707	172.67	1.6224		 1.8756 
2025-09-11	1	1	 1.1565 	 1.3513 	 199.9306 	2026-04-01	2026-04-01		1900-01-01	0.8647	1	1.1685	172.88	1.6222		 1.8760 
2025-09-12	1	1	 1.1557 	 1.3542 	 200.3120 	2026-04-01	2026-04-01		1900-01-01	0.8653	1	1.1718	173.33	1.6227		 1.8753 
2025-09-13	0	1	 1.1557 	 1.3542 	 200.3120 	2026-04-01	2026-04-01		1900-01-01	0.8653	1	1.1718	173.33	1.6227		 1.8753 
2025-09-14	0	1	 1.1557 	 1.3542 	 200.3120 	2026-04-01	2026-04-01		1900-01-01	0.8653	1	1.1718	173.33	1.6227		 1.8753 
2025-09-15	1	1	 1.1573 	 1.3616 	 200.6481 	2026-04-01	2026-04-01		1900-01-01	0.8641	1	1.1766	173.38	1.6262		 1.8820 
2025-09-16	1	1	 1.1553 	 1.3640 	 200.4968 	2026-04-01	2026-04-01		1900-01-01	0.8656	1	1.1807	173.55	1.6233		 1.8753 
2025-09-17	1	1	 1.1527 	 1.3645 	 199.7464 	2026-04-01	2026-04-01		1900-01-01	0.8675	1	1.1837	173.28	1.6281		 1.8768 
2025-09-18	1	1	 1.1521 	 1.3615 	 200.7373 	2026-04-01	2026-04-01		1900-01-01	0.868	1	1.1818	174.24	1.6288		 1.8765 
2025-09-19	1	1	 1.1484 	 1.3477 	 199.5751 	2026-04-01	2026-04-01		1900-01-01	0.8708	1	1.1736	173.79	1.6214		 1.8620 
2025-09-20	0	1	 1.1484 	 1.3477 	 199.5751 	2026-04-01	2026-04-01		1900-01-01	0.8708	1	1.1736	173.79	1.6214		 1.8620 
2025-09-21	0	1	 1.1484 	 1.3477 	 199.5751 	2026-04-01	2026-04-01		1900-01-01	0.8708	1	1.1736	173.79	1.6214		 1.8620 
2025-09-22	1	1	 1.1456 	 1.3496 	 199.5303 	2026-04-01	2026-04-01		1900-01-01	0.8729	1	1.1781	174.17	1.6272		 1.8641 
2025-09-23	1	1	 1.1456 	 1.3510 	 199.6792 	2026-04-01	2026-04-01		1900-01-01	0.8729	1	1.1793	174.3	1.6307		 1.8681 
2025-09-24	1	1	 1.1453 	 1.3465 	 199.8740 	2026-04-01	2026-04-01		1900-01-01	0.8731	1	1.1756	174.51	1.6302		 1.8671 
2025-09-25	1	1	 1.1431 	 1.3419 	 199.7028 	2026-04-01	2026-04-01		1900-01-01	0.8748	1	1.1739	174.7	1.631		 1.8644 
2025-09-26	1	1	 1.1442 	 1.3355 	 199.9886 	2026-04-01	2026-04-01		1900-01-01	0.874	1	1.1672	174.79	1.628		 1.8627 
2025-09-27	0	1	 1.1442 	 1.3355 	 199.9886 	2026-04-01	2026-04-01		1900-01-01	0.874	1	1.1672	174.79	1.628		 1.8627 
2025-09-28	0	1	 1.1442 	 1.3355 	 199.9886 	2026-04-01	2026-04-01		1900-01-01	0.874	1	1.1672	174.79	1.628		 1.8627 
2025-09-29	1	1	 1.1464 	 1.3439 	 199.9083 	2026-04-01	2026-04-01		1900-01-01	0.8723	1	1.1723	174.38	1.6333		 1.8724 
2025-09-30	1	1	 1.1450 	 1.3443 	 198.9466 	2026-04-01	2026-04-01		1900-01-01	0.8734	1	1.1741	173.76	1.6346		 1.8715 
2025-10-01	1	1	 1.1489 	 1.3470 	 198.1503 	2026-04-01	2026-04-01		1900-01-01	0.8704	1	1.1724	172.47	1.6337		 1.8770 
2025-10-02	1	1	 1.1467 	 1.3478 	 197.8328 	2026-04-01	2026-04-01		1900-01-01	0.8721	1	1.1754	172.53	1.6387		 1.8790 
2025-10-03	1	1	 1.1460 	 1.3447 	 198.1435 	2026-04-01	2026-04-01		1900-01-01	0.8726	1	1.1734	172.9	1.6387		 1.8780 
2025-10-04	0	1	 1.1460 	 1.3447 	 198.1435 	2026-04-01	2026-04-01		1900-01-01	0.8726	1	1.1734	172.9	1.6387		 1.8780 
2025-10-05	0	1	 1.1460 	 1.3447 	 198.1435 	2026-04-01	2026-04-01		1900-01-01	0.8726	1	1.1734	172.9	1.6387		 1.8780 
2025-10-06	1	1	 1.1501 	 1.3431 	 201.5181 	2026-04-01	2026-04-01		1900-01-01	0.8695	1	1.1678	175.22	1.6304		 1.8751 
2025-10-07	1	1	 1.1490 	 1.3405 	 202.2866 	2026-04-01	2026-04-01		1900-01-01	0.8703	1	1.1666	176.05	1.628		 1.8706 
2025-10-08	1	1	 1.1533 	 1.3409 	 204.7399 	2026-04-01	2026-04-01		1900-01-01	0.8671	1	1.1627	177.53	1.621		 1.8694 
2025-10-09	1	1	 1.1517 	 1.3372 	 204.3073 	2026-04-01	2026-04-01		1900-01-01	0.8683	1	1.1611	177.4	1.6198		 1.8655 
2025-10-10	1	1	 1.1482 	 1.3283 	 202.6180 	2026-04-01	2026-04-01		1900-01-01	0.8709	1	1.1568	176.46	1.6218		 1.8622 
2025-10-11	0	1	 1.1482 	 1.3283 	 202.6180 	2026-04-01	2026-04-01		1900-01-01	0.8709	1	1.1568	176.46	1.6218		 1.8622 
2025-10-12	0	1	 1.1482 	 1.3283 	 202.6180 	2026-04-01	2026-04-01		1900-01-01	0.8709	1	1.1568	176.46	1.6218		 1.8622 
2025-10-13	1	1	 1.1525 	 1.3333 	 202.8120 	2026-04-01	2026-04-01		1900-01-01	0.8677	1	1.1569	175.98	1.6207		 1.8678 
2025-10-14	1	1	 1.1478 	 1.3261 	 201.6988 	2026-04-01	2026-04-01		1900-01-01	0.8712	1	1.1553	175.72	1.6249		 1.8651 
2025-10-15	1	1	 1.1488 	 1.3351 	 202.3320 	2026-04-01	2026-04-01		1900-01-01	0.8705	1	1.1622	176.13	1.6323		 1.8751 
2025-10-16	1	1	 1.1526 	 1.3427 	 203.1236 	2026-04-01	2026-04-01		1900-01-01	0.8676	1	1.1649	176.23	1.637		 1.8868 
2025-10-17	1	1	 1.1501 	 1.3434 	 202.0702 	2026-04-01	2026-04-01		1900-01-01	0.8695	1	1.1681	175.7	1.6393		 1.8853 
2025-10-18	0	1	 1.1501 	 1.3434 	 202.0702 	2026-04-01	2026-04-01		1900-01-01	0.8695	1	1.1681	175.7	1.6393		 1.8853 
2025-10-19	0	1	 1.1501 	 1.3434 	 202.0702 	2026-04-01	2026-04-01		1900-01-01	0.8695	1	1.1681	175.7	1.6393		 1.8853 
2025-10-20	1	1	 1.1506 	 1.3410 	 202.1747 	2026-04-01	2026-04-01		1900-01-01	0.8691	1	1.1655	175.71	1.6368		 1.8833 
2025-10-21	1	1	 1.1523 	 1.3375 	 203.3303 	2026-04-01	2026-04-01		1900-01-01	0.8678	1	1.1607	176.45	1.6301		 1.8784 
2025-10-22	1	1	 1.1509 	 1.3335 	 202.4629 	2026-04-01	2026-04-01		1900-01-01	0.8689	1	1.1587	175.92	1.6254		 1.8706 
2025-10-23	1	1	 1.1506 	 1.3339 	 203.5899 	2026-04-01	2026-04-01		1900-01-01	0.8691	1	1.1593	176.94	1.6221		 1.8664 
2025-10-24	1	1	 1.1460 	 1.3307 	 203.4724 	2026-04-01	2026-04-01		1900-01-01	0.8726	1	1.1612	177.55	1.6286		 1.8664 
2025-10-25	0	1	 1.1460 	 1.3307 	 203.4724 	2026-04-01	2026-04-01		1900-01-01	0.8726	1	1.1612	177.55	1.6286		 1.8664 
2025-10-26	0	1	 1.1460 	 1.3307 	 203.4724 	2026-04-01	2026-04-01		1900-01-01	0.8726	1	1.1612	177.55	1.6286		 1.8664 
2025-10-27	1	1	 1.1467 	 1.3347 	 204.0248 	2026-04-01	2026-04-01		1900-01-01	0.8721	1	1.164	177.93	1.6276		 1.8663 
2025-10-28	1	1	 1.1416 	 1.3276 	 202.1804 	2026-04-01	2026-04-01		1900-01-01	0.876	1	1.163	177.11	1.6284		 1.8589 
2025-10-29	1	1	 1.1355 	 1.3212 	 201.0560 	2026-04-01	2026-04-01		1900-01-01	0.8807	1	1.1636	177.07	1.6207		 1.8402 
2025-10-30	1	1	 1.1362 	 1.3124 	 202.6702 	2026-04-01	2026-04-01		1900-01-01	0.8801	1	1.155	178.37	1.6179		 1.8383 
2025-10-31	1	1	 1.1343 	 1.3106 	 202.0644 	2026-04-01	2026-04-01		1900-01-01	0.8816	1	1.1554	178.14	1.6207		 1.8384 
2025-11-01	0	1	 1.1343 	 1.3106 	 202.0644 	2026-04-01	2026-04-01		1900-01-01	0.8816	1	1.1554	178.14	1.6207		 1.8384 
2025-11-02	0	1	 1.1343 	 1.3106 	 202.0644 	2026-04-01	2026-04-01		1900-01-01	0.8816	1	1.1554	178.14	1.6207		 1.8384 
2025-11-03	1	1	 1.1409 	 1.3136 	 202.5898 	2026-04-01	2026-04-01		1900-01-01	0.8765	1	1.1514	177.57	1.617		 1.8448 
2025-11-04	1	1	 1.1370 	 1.3065 	 200.5571 	2026-04-01	2026-04-01		1900-01-01	0.8795	1	1.1491	176.39	1.6178		 1.8395 
2025-11-05	1	1	 1.1351 	 1.3044 	 200.5335 	2026-04-01	2026-04-01		1900-01-01	0.881	1	1.1492	176.67	1.6238		 1.8431 
2025-11-06	1	1	 1.1355 	 1.3095 	 201.1468 	2026-04-01	2026-04-01		1900-01-01	0.8807	1	1.1533	177.15	1.6252		 1.8454 
2025-11-07	1	1	 1.1349 	 1.3121 	 200.8739 	2026-04-01	2026-04-01		1900-01-01	0.8811	1	1.1561	176.99	1.6311		 1.8512 
2025-11-08	0	1	 1.1349 	 1.3121 	 200.8739 	2026-04-01	2026-04-01		1900-01-01	0.8811	1	1.1561	176.99	1.6311		 1.8512 
2025-11-09	0	1	 1.1349 	 1.3121 	 200.8739 	2026-04-01	2026-04-01		1900-01-01	0.8811	1	1.1561	176.99	1.6311		 1.8512 
2025-11-10	1	1	 1.1392 	 1.3182 	 203.1328 	2026-04-01	2026-04-01		1900-01-01	0.8778	1	1.1571	178.31	1.6213		 1.8470 
2025-11-11	1	1	 1.1358 	 1.3147 	 202.7033 	2026-04-01	2026-04-01		1900-01-01	0.8804	1	1.1575	178.46	1.6234		 1.8439 
2025-11-12	1	1	 1.1334 	 1.3120 	 203.0942 	2026-04-01	2026-04-01		1900-01-01	0.8823	1	1.1576	179.19	1.6216		 1.8379 
2025-11-13	1	1	 1.1339 	 1.3175 	 203.6172 	2026-04-01	2026-04-01		1900-01-01	0.8819	1	1.1619	179.57	1.6272		 1.8451 
2025-11-14	1	1	 1.1305 	 1.3168 	 202.6000 	2026-04-01	2026-04-01		1900-01-01	0.8846	1	1.1648	179.22	1.6331		 1.8461 
2025-11-15	0	1	 1.1305 	 1.3168 	 202.6000 	2026-04-01	2026-04-01		1900-01-01	0.8846	1	1.1648	179.22	1.6331		 1.8461 
2025-11-16	0	1	 1.1305 	 1.3168 	 202.6000 	2026-04-01	2026-04-01		1900-01-01	0.8846	1	1.1648	179.22	1.6331		 1.8461 
2025-11-17	1	1	 1.1370 	 1.3181 	 204.1728 	2026-04-01	2026-04-01		1900-01-01	0.8795	1	1.1593	179.57	1.627		 1.8499 
2025-11-18	1	1	 1.1337 	 1.3139 	 203.9905 	2026-04-01	2026-04-01		1900-01-01	0.8821	1	1.159	179.94	1.6257		 1.8430 
2025-11-19	1	1	 1.1329 	 1.3122 	 204.8827 	2026-04-01	2026-04-01		1900-01-01	0.8827	1	1.1583	180.85	1.623		 1.8387 
2025-11-20	1	1	 1.1344 	 1.3062 	 205.8650 	2026-04-01	2026-04-01		1900-01-01	0.8815	1	1.1514	181.47	1.6194		 1.8371 
2025-11-21	1	1	 1.1360 	 1.3086 	 205.1119 	2026-04-01	2026-04-01		1900-01-01	0.8803	1	1.152	180.56	1.6226		 1.8432 
2025-11-22	0	1	 1.1360 	 1.3086 	 205.1119 	2026-04-01	2026-04-01		1900-01-01	0.8803	1	1.152	180.56	1.6226		 1.8432 
2025-11-23	0	1	 1.1360 	 1.3086 	 205.1119 	2026-04-01	2026-04-01		1900-01-01	0.8803	1	1.152	180.56	1.6226		 1.8432 
2025-11-24	1	1	 1.1358 	 1.3112 	 205.8383 	2026-04-01	2026-04-01		1900-01-01	0.8804	1	1.1544	181.22	1.6279		 1.8490 
2025-11-25	1	1	 1.1379 	 1.3144 	 205.3027 	2026-04-01	2026-04-01		1900-01-01	0.8788	1	1.1551	180.42	1.6301		 1.8549 
2025-11-26	1	1	 1.1395 	 1.3192 	 206.3469 	2026-04-01	2026-04-01		1900-01-01	0.8776	1	1.1577	181.09	1.6309		 1.8584 
2025-11-27	1	1	 1.1423 	 1.3235 	 206.8883 	2026-04-01	2026-04-01		1900-01-01	0.8754	1	1.1586	181.11	1.6273		 1.8589 
2025-11-28	1	1	 1.1426 	 1.3215 	 206.3186 	2026-04-01	2026-04-01		1900-01-01	0.8752	1	1.1566	180.57	1.621		 1.8521 
2025-11-29	0	1	 1.1426 	 1.3215 	 206.3186 	2026-04-01	2026-04-01		1900-01-01	0.8752	1	1.1566	180.57	1.621		 1.8521 
2025-11-30	0	1	 1.1426 	 1.3215 	 206.3186 	2026-04-01	2026-04-01		1900-01-01	0.8752	1	1.1566	180.57	1.621		 1.8521 
2025-12-01	1	1	 1.1392 	 1.3267 	 205.3771 	2026-04-01	2026-04-01		1900-01-01	0.8778	1	1.1646	180.28	1.6259		 1.8522 
2025-12-02	1	1	 1.1369 	 1.3204 	 206.0709 	2026-04-01	2026-04-01		1900-01-01	0.8796	1	1.1614	181.26	1.6264		 1.8490 
2025-12-03	1	1	 1.1408 	 1.3311 	 206.7990 	2026-04-01	2026-04-01		1900-01-01	0.8766	1	1.1668	181.28	1.627		 1.8560 
2025-12-04	1	1	 1.1435 	 1.3340 	 206.4608 	2026-04-01	2026-04-01		1900-01-01	0.8745	1	1.1666	180.55	1.6299		 1.8638 
2025-12-05	1	1	 1.1459 	 1.3344 	 207.1273 	2026-04-01	2026-04-01		1900-01-01	0.8727	1	1.1645	180.76	1.623		 1.8597 
2025-12-06	0	1	 1.1459 	 1.3344 	 207.1273 	2026-04-01	2026-04-01		1900-01-01	0.8727	1	1.1645	180.76	1.623		 1.8597 
2025-12-07	0	1	 1.1459 	 1.3344 	 207.1273 	2026-04-01	2026-04-01		1900-01-01	0.8727	1	1.1645	180.76	1.623		 1.8597 
2025-12-08	1	1	 1.1434 	 1.3326 	 207.2833 	2026-04-01	2026-04-01		1900-01-01	0.8746	1	1.1655	181.29	1.609		 1.8397 
2025-12-09	1	1	 1.1448 	 1.3322 	 208.3114 	2026-04-01	2026-04-01		1900-01-01	0.8735	1	1.1637	181.96	1.6114		 1.8448 
2025-12-10	1	1	 1.1440 	 1.3310 	 208.5803 	2026-04-01	2026-04-01		1900-01-01	0.8741	1	1.1634	182.32	1.6108		 1.8428 
2025-12-11	1	1	 1.1427 	 1.3386 	 208.2619 	2026-04-01	2026-04-01		1900-01-01	0.8751	1	1.1714	182.25	1.6164		 1.8471 
2025-12-12	1	1	 1.1406 	 1.3381 	 208.7259 	2026-04-01	2026-04-01		1900-01-01	0.8767	1	1.1731	182.99	1.6139		 1.8409 
2025-12-13	0	1	 1.1406 	 1.3381 	 208.7259 	2026-04-01	2026-04-01		1900-01-01	0.8767	1	1.1731	182.99	1.6139		 1.8409 
2025-12-14	0	1	 1.1406 	 1.3381 	 208.7259 	2026-04-01	2026-04-01		1900-01-01	0.8767	1	1.1731	182.99	1.6139		 1.8409 
2025-12-15	1	1	 1.1391 	 1.3388 	 207.6774 	2026-04-01	2026-04-01		1900-01-01	0.8779	1	1.1753	182.32	1.6169		 1.8418 
2025-12-16	1	1	 1.1410 	 1.3437 	 207.7476 	2026-04-01	2026-04-01		1900-01-01	0.8764	1	1.1776	182.07	1.6206		 1.8492 
2025-12-17	1	1	 1.1383 	 1.3343 	 207.6039 	2026-04-01	2026-04-01		1900-01-01	0.8785	1	1.1722	182.38	1.6165		 1.8401 
2025-12-18	1	1	 1.1434 	 1.3399 	 208.7240 	2026-04-01	2026-04-01		1900-01-01	0.8746	1	1.1719	182.55	1.6161		 1.8478 
2025-12-19	1	1	 1.1416 	 1.3370 	 210.2169 	2026-04-01	2026-04-01		1900-01-01	0.876	1	1.1712	184.15	1.6155		 1.8442 
2025-12-20	0	1	 1.1416 	 1.3370 	 210.2169 	2026-04-01	2026-04-01		1900-01-01	0.876	1	1.1712	184.15	1.6155		 1.8442 
2025-12-21	0	1	 1.1416 	 1.3370 	 210.2169 	2026-04-01	2026-04-01		1900-01-01	0.876	1	1.1712	184.15	1.6155		 1.8442 
2025-12-22	1	1	 1.1439 	 1.3435 	 211.3590 	2026-04-01	2026-04-01		1900-01-01	0.8742	1	1.1745	184.77	1.6168		 1.8495 
2025-12-23	1	1	 1.1456 	 1.3502 	 210.6656 	2026-04-01	2026-04-01		1900-01-01	0.8729	1	1.1786	183.89	1.6148		 1.8499 
2025-12-24	1	1	 1.1456 	 1.3503 	 210.5969 	2026-04-01	2026-04-01		1900-01-01	0.8729	1	1.1787	183.83	1.6128		 1.8476 
2025-12-25	0	1	 1.1456 	 1.3503 	 210.5969 	2026-04-01	2026-04-01		1900-01-01	0.8729	1	1.1787	183.83	1.6128		 1.8476 
2025-12-26	0	1	 1.1456 	 1.3503 	 210.5969 	2026-04-01	2026-04-01		1900-01-01	0.8729	1	1.1787	183.83	1.6128		 1.8476 
2025-12-27	0	1	 1.1456 	 1.3503 	 210.5969 	2026-04-01	2026-04-01		1900-01-01	0.8729	1	1.1787	183.83	1.6128		 1.8476 
2025-12-28	0	1	 1.1456 	 1.3503 	 210.5969 	2026-04-01	2026-04-01		1900-01-01	0.8729	1	1.1787	183.83	1.6128		 1.8476 
2025-12-29	1	1	 1.1460 	 1.3484 	 210.8297 	2026-04-01	2026-04-01		1900-01-01	0.8726	1	1.1766	183.97	1.6106		 1.8457 
2025-12-30	1	1	 1.1478 	 1.3495 	 210.6061 	2026-04-01	2026-04-01		1900-01-01	0.8712	1	1.1757	183.48	1.6104		 1.8485 
2025-12-31	1	1	 1.1460 	 1.3466 	 210.9672 	2026-04-01	2026-04-01		1900-01-01	0.8726	1	1.175	184.09	1.6088		 1.8437 
2026-01-01	0	1	 1.1460 	 1.3466 	 210.9672 	2026-04-01	2026-04-01		1900-01-01	0.8726	1	1.175	184.09	1.6088		 1.8437 
2026-01-02	1	1	 1.1469 	 1.3443 	 210.9646 	2026-04-01	2026-04-01		1900-01-01	0.8719	1	1.1721	183.94	1.6097		 1.8462 
2026-01-03	0	1	 1.1469 	 1.3443 	 210.9646 	2026-04-01	2026-04-01		1900-01-01	0.8719	1	1.1721	183.94	1.6097		 1.8462 
2026-01-04	0	1	 1.1469 	 1.3443 	 210.9646 	2026-04-01	2026-04-01		1900-01-01	0.8719	1	1.1721	183.94	1.6097		 1.8462 
2026-01-05	1	1	 1.1526 	 1.3444 	 210.8460 	2026-04-01	2026-04-01		1900-01-01	0.8676	1	1.1664	182.93	1.6087		 1.8542 
2026-01-06	1	1	 1.1543 	 1.3514 	 211.4048 	2026-04-01	2026-04-01		1900-01-01	0.8663	1	1.1707	183.14	1.6129		 1.8618 
2026-01-07	1	1	 1.1542 	 1.3486 	 211.1150 	2026-04-01	2026-04-01		1900-01-01	0.8664	1	1.1684	182.91	1.6135		 1.8623 
2026-01-08	1	1	 1.1511 	 1.3440 	 210.6251 	2026-04-01	2026-04-01		1900-01-01	0.8687	1	1.1675	182.97	1.6183		 1.8629 
2026-01-09	1	1	 1.1525 	 1.3417 	 211.5017 	2026-04-01	2026-04-01		1900-01-01	0.8677	1	1.1642	183.52	1.6163		 1.8627 
2026-01-10	0	1	 1.1525 	 1.3417 	 211.5017 	2026-04-01	2026-04-01		1900-01-01	0.8677	1	1.1642	183.52	1.6163		 1.8627 
2026-01-11	0	1	 1.1525 	 1.3417 	 211.5017 	2026-04-01	2026-04-01		1900-01-01	0.8677	1	1.1642	183.52	1.6163		 1.8627 
2026-01-12	1	1	 1.1529 	 1.3479 	 212.6124 	2026-04-01	2026-04-01		1900-01-01	0.8674	1	1.1692	184.42	1.6219		 1.8698 
2026-01-13	1	1	 1.1547 	 1.3457 	 213.7644 	2026-04-01	2026-04-01		1900-01-01	0.866	1	1.1654	185.12	1.6172		 1.8674 
2026-01-14	1	1	 1.1537 	 1.3441 	 213.2210 	2026-04-01	2026-04-01		1900-01-01	0.8668	1	1.1651	184.82	1.6169		 1.8654 
2026-01-15	1	1	 1.1529 	 1.3401 	 212.4856 	2026-04-01	2026-04-01		1900-01-01	0.8674	1	1.1624	184.31	1.6162		 1.8633 
2026-01-16	1	1	 1.1534 	 1.3399 	 211.8454 	2026-04-01	2026-04-01		1900-01-01	0.867	1	1.1617	183.67	1.6135		 1.8610 
2026-01-17	0	1	 1.1534 	 1.3399 	 211.8454 	2026-04-01	2026-04-01		1900-01-01	0.867	1	1.1617	183.67	1.6135		 1.8610 
2026-01-18	0	1	 1.1534 	 1.3399 	 211.8454 	2026-04-01	2026-04-01		1900-01-01	0.867	1	1.1617	183.67	1.6135		 1.8610 
2026-01-19	1	1	 1.1533 	 1.3414 	 211.8441 	2026-04-01	2026-04-01		1900-01-01	0.8671	1	1.1631	183.69	1.6149		 1.8624 
2026-01-20	1	1	 1.1465 	 1.3446 	 212.3137 	2026-04-01	2026-04-01		1900-01-01	0.8722	1	1.1728	185.18	1.6215		 1.8591 
2026-01-21	1	1	 1.1436 	 1.3425 	 211.8367 	2026-04-01	2026-04-01		1900-01-01	0.8744	1	1.1739	185.23	1.6192		 1.8518 
2026-01-22	1	1	 1.1465 	 1.3421 	 213.1163 	2026-04-01	2026-04-01		1900-01-01	0.8722	1	1.1706	185.88	1.6171		 1.8540 
2026-01-23	1	1	 1.1519 	 1.3526 	 213.9270 	2026-04-01	2026-04-01		1900-01-01	0.8681	1	1.1742	185.71	1.6161		 1.8617 
2026-01-24	0	1	 1.1519 	 1.3526 	 213.9270 	2026-04-01	2026-04-01		1900-01-01	0.8681	1	1.1742	185.71	1.6161		 1.8617 
2026-01-25	0	1	 1.1519 	 1.3526 	 213.9270 	2026-04-01	2026-04-01		1900-01-01	0.8681	1	1.1742	185.71	1.6161		 1.8617 
2026-01-26	1	1	 1.1527 	 1.3644 	 210.3977 	2026-04-01	2026-04-01		1900-01-01	0.8675	1	1.1836	182.52	1.623		 1.8709 
2026-01-27	1	1	 1.1517 	 1.3738 	 210.6645 	2026-04-01	2026-04-01		1900-01-01	0.8683	1	1.1929	182.92	1.6316		 1.8791 
2026-01-28	1	1	 1.1514 	 1.3787 	 210.4318 	2026-04-01	2026-04-01		1900-01-01	0.8685	1	1.1974	182.76	1.6242		 1.8701 
2026-01-29	1	1	 1.1545 	 1.3817 	 211.8218 	2026-04-01	2026-04-01		1900-01-01	0.8662	1	1.1968	183.48	1.6186		 1.8686 
2026-01-30	1	1	 1.1545 	 1.3760 	 211.9487 	2026-04-01	2026-04-01		1900-01-01	0.8662	1	1.1919	183.59	1.612		 1.8610 
2026-01-31	0	1	 1.1545 	 1.3760 	 211.9487 	2026-04-01	2026-04-01		1900-01-01	0.8662	1	1.1919	183.59	1.612		 1.8610 
2026-02-01	0	1	 1.1545 	 1.3760 	 211.9487 	2026-04-01	2026-04-01		1900-01-01	0.8662	1	1.1919	183.59	1.612		 1.8610 
2026-02-02	1	1	 1.1550 	 1.3675 	 212.0467 	2026-04-01	2026-04-01		1900-01-01	0.8658	1	1.184	183.59	1.6157		 1.8661 
2026-02-03	1	1	 1.1597 	 1.3685 	 213.2900 	2026-04-01	2026-04-01		1900-01-01	0.8623	1	1.1801	183.92	1.6116		 1.8690 
2026-02-04	1	1	 1.1606 	 1.3719 	 214.8909 	2026-04-01	2026-04-01		1900-01-01	0.8616	1	1.182	185.15	1.6138		 1.8730 
2026-02-05	1	1	 1.1506 	 1.3575 	 212.9904 	2026-04-01	2026-04-01		1900-01-01	0.8691	1	1.1798	185.11	1.6144		 1.8576 
2026-02-06	1	1	 1.1522 	 1.3589 	 213.4693 	2026-04-01	2026-04-01		1900-01-01	0.8679	1	1.1794	185.27	1.6118		 1.8571 
2026-02-07	0	1	 1.1522 	 1.3589 	 213.4693 	2026-04-01	2026-04-01		1900-01-01	0.8679	1	1.1794	185.27	1.6118		 1.8571 
2026-02-08	0	1	 1.1522 	 1.3589 	 213.4693 	2026-04-01	2026-04-01		1900-01-01	0.8679	1	1.1794	185.27	1.6118		 1.8571 
2026-02-09	1	1	 1.1493 	 1.3660 	 213.3663 	2026-04-01	2026-04-01		1900-01-01	0.8701	1	1.1886	185.65	1.6174		 1.8589 
2026-02-10	1	1	 1.1501 	 1.3679 	 212.2024 	2026-04-01	2026-04-01		1900-01-01	0.8695	1	1.1894	184.51	1.6141		 1.8564 
2026-02-11	1	1	 1.1496 	 1.3680 	 210.1276 	2026-04-01	2026-04-01		1900-01-01	0.8699	1	1.19	182.79	1.6138		 1.8552 
2026-02-12	1	1	 1.1480 	 1.3631 	 209.5282 	2026-04-01	2026-04-01		1900-01-01	0.8711	1	1.1874	182.52	1.6128		 1.8515 
2026-02-13	1	1	 1.1473 	 1.3609 	 208.6163 	2026-04-01	2026-04-01		1900-01-01	0.8716	1	1.1862	181.83	1.6161		 1.8542 
2026-02-14	0	1	 1.1473 	 1.3609 	 208.6163 	2026-04-01	2026-04-01		1900-01-01	0.8716	1	1.1862	181.83	1.6161		 1.8542 
2026-02-15	0	1	 1.1473 	 1.3609 	 208.6163 	2026-04-01	2026-04-01		1900-01-01	0.8716	1	1.1862	181.83	1.6161		 1.8542 
2026-02-16	1	1	 1.1507 	 1.3642 	 209.1945 	2026-04-01	2026-04-01		1900-01-01	0.869	1	1.1855	181.79	1.6155		 1.8590 
2026-02-17	1	1	 1.1451 	 1.3542 	 207.3285 	2026-04-01	2026-04-01		1900-01-01	0.8733	1	1.1826	181.06	1.6149		 1.8492 
2026-02-18	1	1	 1.1463 	 1.3577 	 208.6084 	2026-04-01	2026-04-01		1900-01-01	0.8724	1	1.1845	181.99	1.6164		 1.8528 
2026-02-19	1	1	 1.1444 	 1.3450 	 208.3429 	2026-04-01	2026-04-01		1900-01-01	0.8738	1	1.1753	182.05	1.6107		 1.8433 
2026-02-20	1	1	 1.1457 	 1.3482 	 209.2461 	2026-04-01	2026-04-01		1900-01-01	0.8728	1	1.1767	182.63	1.6112		 1.8460 
2026-02-21	0	1	 1.1457 	 1.3482 	 209.2461 	2026-04-01	2026-04-01		1900-01-01	0.8728	1	1.1767	182.63	1.6112		 1.8460 
2026-02-22	0	1	 1.1457 	 1.3482 	 209.2461 	2026-04-01	2026-04-01		1900-01-01	0.8728	1	1.1767	182.63	1.6112		 1.8460 
2026-02-23	1	1	 1.1450 	 1.3492 	 208.8848 	2026-04-01	2026-04-01		1900-01-01	0.8734	1	1.1784	182.44	1.6132		 1.8470 
2026-02-24	1	1	 1.1453 	 1.3489 	 210.2050 	2026-04-01	2026-04-01		1900-01-01	0.8731	1	1.1777	183.53	1.6148		 1.8495 
2026-02-25	1	1	 1.1476 	 1.3523 	 211.9578 	2026-04-01	2026-04-01		1900-01-01	0.8714	1	1.1784	184.7	1.6133		 1.8514 
2026-02-26	1	1	 1.1469 	 1.3550 	 211.4577 	2026-04-01	2026-04-01		1900-01-01	0.8719	1	1.1814	184.37	1.6155		 1.8529 
2026-02-27	1	1	 1.1412 	 1.3471 	 210.1221 	2026-04-01	2026-04-01		1900-01-01	0.8763	1	1.1805	184.13	1.6139		 1.8417 
2026-02-28	0	1	 1.1412 	 1.3471 	 210.1221 	2026-04-01	2026-04-01		1900-01-01	0.8763	1	1.1805	184.13	1.6139		 1.8417 
2026-03-01	0	1	 1.1412 	 1.3471 	 210.1221 	2026-04-01	2026-04-01		1900-01-01	0.8763	1	1.1805	184.13	1.6139		 1.8417 
2026-03-02	1	1	 1.1443 	 1.3386 	 210.7678 	2026-04-01	2026-04-01		1900-01-01	0.8739	1	1.1698	184.19	1.5991		 1.8298 
2026-03-03	1	1	 1.1472 	 1.3314 	 209.9117 	2026-04-01	2026-04-01		1900-01-01	0.8717	1	1.1606	182.98	1.5883		 1.8221 
2026-03-04	1	1	 1.1488 	 1.3382 	 210.2470 	2026-04-01	2026-04-01		1900-01-01	0.8705	1	1.1649	183.02	1.591		 1.8277 
2026-03-05	1	1	 1.1501 	 1.3362 	 210.5003 	2026-04-01	2026-04-01		1900-01-01	0.8695	1	1.1618	183.03	1.5828		 1.8204 
2026-03-06	1	1	 1.1535 	 1.3336 	 210.5937 	2026-04-01	2026-04-01		1900-01-01	0.86693	1	1.1561	182.57	1.5782		 1.8204 
2026-03-07	0	1	 1.1535 	 1.3336 	 210.5937 	2026-04-01	2026-04-01		1900-01-01	0.86693	1	1.1561	182.57	1.5782		 1.8204 
2026-03-08	0	1	 1.1535 	 1.3336 	 210.5937 	2026-04-01	2026-04-01		1900-01-01	0.86693	1	1.1561	182.57	1.5782		 1.8204 
2026-03-09	1	1	 1.1557 	 1.3354 	 211.6607 	2026-04-01	2026-04-01		1900-01-01	0.8653	1	1.1555	183.15	1.568		 1.8121 
2026-03-10	1	1	 1.1555 	 1.3451 	 212.2249 	2026-04-01	2026-04-01		1900-01-01	0.86545	1	1.1641	183.67	1.5777		 1.8230 
2026-03-11	1	1	 1.1579 	 1.3410 	 212.6258 	2026-04-01	2026-04-01		1900-01-01	0.86363	1	1.1581	183.63	1.5742		 1.8228 
2026-03-12	1	1	 1.1595 	 1.3389 	 212.6897 	2026-04-01	2026-04-01		1900-01-01	0.86243	1	1.1547	183.43	1.5706		 1.8211 
2026-03-13	1	1	 1.1560 	 1.3267 	 211.3800 	2026-04-01	2026-04-01		1900-01-01	0.86503	1	1.1476	182.85	1.5726		 1.8180 
2026-03-14	0	1	 1.1560 	 1.3267 	 211.3800 	2026-04-01	2026-04-01		1900-01-01	0.86503	1	1.1476	182.85	1.5726		 1.8180 
2026-03-15	0	1	 1.1560 	 1.3267 	 211.3800 	2026-04-01	2026-04-01		1900-01-01	0.86503	1	1.1476	182.85	1.5726		 1.8180 
2026-03-16	1	1	 1.1573 	 1.3283 	 211.3925 	2026-04-01	2026-04-01		1900-01-01	0.86408	1	1.1478	182.66	1.5703		 1.8173 
2026-03-17	1	1	 1.1570 	 1.3341 	 212.0676 	2026-04-01	2026-04-01		1900-01-01	0.8643	1	1.1531	183.29	1.5804		 1.8285 
2026-03-18	1	1	 1.1575 	 1.3311 	 212.3899 	2026-04-01	2026-04-01		1900-01-01	0.86393	1	1.15	183.49	1.5774		 1.8258 
2026-03-19	1	1	 1.1576 	 1.3299 	 211.2099 	2026-04-01	2026-04-01		1900-01-01	0.86388	1	1.1489	182.46	1.577		 1.8255 
2026-03-20	1	1	 1.1569 	 1.3368 	 212.2446 	2026-04-01	2026-04-01		1900-01-01	0.86438	1	1.1555	183.46	1.5849		 1.8336 
2026-03-21	0	1	 1.1569 	 1.3368 	 212.2446 	2026-04-01	2026-04-01		1900-01-01	0.86438	1	1.1555	183.46	1.5849		 1.8336 
2026-03-22	0	1	 1.1569 	 1.3368 	 212.2446 	2026-04-01	2026-04-01		1900-01-01	0.86438	1	1.1555	183.46	1.5849		 1.8336 
2026-03-23	1	1	 1.1571 	 1.3418 	 212.7517 	2026-04-01	2026-04-01		1900-01-01	0.8642	1	1.1596	183.86	1.5896		 1.8394 
2026-03-24	1	1	 1.1555 	 1.3372 	 212.5120 	2026-04-01	2026-04-01		1900-01-01	0.86541	1	1.1572	183.91	1.591		 1.8384 
2026-03-25	1	1	 1.1553 	 1.3392 	 212.8862 	2026-04-01	2026-04-01		1900-01-01	0.86558	1	1.1592	184.27	1.5977		 1.8458 
2026-03-26	1	1	 1.1559 	 1.3338 	 212.8995 	2026-04-01	2026-04-01		1900-01-01	0.86515	1	1.1539	184.19	1.5964		 1.8452 
2026-03-27	1	1	 1.1531 	 1.3281 	 212.3616 	2026-04-01	2026-04-01		1900-01-01	0.8672	1	1.1517	184.16	1.5974		 1.8420 
2026-03-28	0	1	 1.1531 	 1.3281 	 212.3616 	2026-04-01	2026-04-01		1900-01-01	0.8672	1	1.1517	184.16	1.5974		 1.8420 
2026-03-29	0	1	 1.1531 	 1.3281 	 212.3616 	2026-04-01	2026-04-01		1900-01-01	0.8672	1	1.1517	184.16	1.5974		 1.8420 
2026-03-30	1	1	 1.1520 	 1.3230 	 210.9605 	2026-04-01	2026-04-01		1900-01-01	0.86803	1	1.1484	183.12	1.5987		 1.8418 
2026-03-31	1	1	 1.1516 	 1.3242 	 211.1985 	2026-04-01	2026-04-01		1900-01-01	0.86833	1	1.1498	183.39	1.6022		 1.8452 
2026-04-01	1	1	 1.1479 	 1.3322 	 210.9100 	2026-04-01	2026-04-01		1900-01-01	0.87113	1	1.1605	183.73	1.6124		 1.8509 
